#       r/R             l_rad/L
       1.0007119       1.0000000
       1.0007041       1.0000000
       1.0006962       1.0000000
       1.0006882       1.0000000
       1.0006801       1.0000000
       1.0006720       1.0000000
       1.0006639       1.0000000
       1.0006557       1.0000000
       1.0006475       1.0000000
       1.0006393       1.0000000
       1.0006310       1.0000000
       1.0006227       1.0000000
       1.0006143       1.0000000
       1.0006060       1.0000000
       1.0005976       1.0000000
       1.0005892       1.0000000
       1.0005807       1.0000000
       1.0005723       1.0000000
       1.0005638       1.0000000
       1.0005553       1.0000000
       1.0005468       1.0000000
       1.0005383       1.0000000
       1.0005297       1.0000000
       1.0005212       1.0000000
       1.0005126       1.0000000
       1.0005040       1.0000000
       1.0004954       1.0000000
       1.0004868       1.0000000
       1.0004781       1.0000000
       1.0004695       1.0000000
       1.0004608       1.0000000
       1.0004521       1.0000000
       1.0004435       1.0000000
       1.0004348       1.0000000
       1.0004261       1.0000000
       1.0004174       1.0000000
       1.0004087       1.0000000
       1.0003999       1.0000000
       1.0003912       1.0000000
       1.0003825       1.0000000
       1.0003737       1.0000000
       1.0003650       1.0000000
       1.0003562       1.0000000
       1.0003475       1.0000000
       1.0003387       1.0000000
       1.0003299       1.0000000
       1.0003211       1.0000000
       1.0003123       1.0000000
       1.0003034       1.0000000
       1.0002945       1.0000000
       1.0002856       1.0000000
       1.0002766       1.0000000
       1.0002677       1.0000000
       1.0002586       1.0000000
       1.0002496       1.0000000
       1.0002404       1.0000000
       1.0002312       1.0000000
       1.0002219       1.0000000
       1.0002126       1.0000000
       1.0002033       1.0000000
       1.0001938       1.0000000
       1.0001844       1.0000000
       1.0001748       1.0000000
       1.0001652       1.0000000
       1.0001556       1.0000000
       1.0001459       1.0000000
       1.0001362       1.0000000
       1.0001264       1.0000000
       1.0001166       1.0000000
       1.0001068       1.0000000
       1.0000970       1.0000000
       1.0000871       1.0000000
       1.0000772       1.0000000
       1.0000673       1.0000000
       1.0000575       1.0000000
       1.0000477       1.0000000
       1.0000379       1.0000000
       1.0000282       1.0000000
       1.0000187       1.0000000
       1.0000093       1.0000000
       1.0000000       1.0000000
      0.99999667       1.0000000
      0.99999336       1.0000000
      0.99999008       1.0000000
      0.99998683       1.0000000
      0.99998361       1.0000000
      0.99998043       1.0000000
      0.99997729       1.0000000
      0.99997419       1.0000000
      0.99997113       1.0000000
      0.99996812       1.0000000
      0.99996516       1.0000000
      0.99996225       1.0000000
      0.99995939       1.0000000
      0.99995658       1.0000000
      0.99995383       1.0000000
      0.99995114       1.0000000
      0.99994851       1.0000000
      0.99994595       1.0000000
      0.99994344       1.0000000
      0.99994101      0.99999982
      0.99993863      0.99999860
      0.99993632      0.99999464
      0.99993408      0.99998493
      0.99993191      0.99996469
      0.99992980      0.99992654
      0.99992776      0.99985960
      0.99992578      0.99974842
      0.99992387      0.99957162
      0.99992202      0.99930059
      0.99992023      0.99889805
      0.99991849      0.99831625
      0.99991680      0.99749629
      0.99991516      0.99636639
      0.99991357      0.99484098
      0.99991201      0.99281604
      0.99991048      0.99016802
      0.99990899      0.98675667
      0.99990751      0.98242308
      0.99990604      0.97699330
      0.99990458      0.97027464
      0.99990312      0.96206173
      0.99990165      0.95214310
      0.99990018      0.94031101
      0.99989868      0.92637462
      0.99989715      0.91017649
      0.99989560      0.89161963
      0.99989402      0.87070492
      0.99989240      0.84751599
      0.99989075      0.82218263
      0.99988906      0.79493903
      0.99988734      0.76610281
      0.99988559      0.73604440
      0.99988381      0.70520686
      0.99988202      0.67401132
      0.99988020      0.64280740
      0.99987836      0.61188992
      0.99987650      0.58149226
      0.99987462      0.55179245
      0.99987272      0.52296198
      0.99987080      0.49510303
      0.99986886      0.46829029
      0.99986688      0.44254586
      0.99986487      0.41786705
      0.99986284      0.39424666
      0.99986076      0.37170109
      0.99985865      0.35021157
      0.99985649      0.32976909
      0.99985429      0.31035048
      0.99985205      0.29191406
      0.99984975      0.27442360
      0.99984740      0.25785829
      0.99984500      0.24217381
      0.99984254      0.22732933
      0.99984003      0.21330753
      0.99983745      0.20006821
      0.99983481      0.18758015
      0.99983210      0.17581665
      0.99982933      0.16474136
      0.99982649      0.15431962
      0.99982358      0.14451795
      0.99982060      0.13530425
      0.99981755      0.12665618
      0.99981442      0.11854429
      0.99981121      0.11093640
      0.99980793      0.10380206
      0.99980457     0.097110544
      0.99980113     0.090837216
      0.99979761     0.084966142
      0.99979400     0.079475388
      0.99979032     0.074342695
      0.99978655     0.069546399
      0.99978269     0.065065781
      0.99977876     0.060882707
      0.99977473     0.056978985
      0.99977063     0.053336951
      0.99976643     0.049940619
      0.99976215     0.046770952
      0.99975779     0.043808037
      0.99975334     0.041043153
      0.99974880     0.038463462
      0.99974418     0.036053347
      0.99973947     0.033803737
      0.99973467     0.031704586
      0.99972979     0.029746023
      0.99972482     0.027918660
      0.99971977     0.026213608
      0.99971463     0.024622502
      0.99970940     0.023137512
      0.99970410     0.021751309
      0.99969871     0.020457027
      0.99969323     0.019248547
      0.99968768     0.018120560
      0.99968204     0.017065857
      0.99967632     0.016077863
      0.99967052     0.015154977
      0.99966464     0.014291238
      0.99965868     0.013482850
      0.99965264     0.012726232
      0.99964652     0.012017941
      0.99964033     0.011354726
      0.99963405     0.010733477
      0.99962771     0.010151209
      0.99962129    0.0096053358
      0.99961479    0.0090934458
      0.99960822    0.0086132866
      0.99960158    0.0081627514
      0.99959487    0.0077395566
      0.99958809    0.0073414565
      0.99958123    0.0069668455
      0.99957431    0.0066142369
      0.99956732    0.0062822416
      0.99956026    0.0059695651
      0.99955313    0.0056749900
      0.99954593    0.0053972887
      0.99953867    0.0051354896
      0.99953134    0.0048883025
      0.99952394    0.0046539600
      0.99951648    0.0044323184
      0.99950896    0.0042231771
      0.99950137    0.0040255231
      0.99949372    0.0038383195
      0.99948600    0.0036611181
      0.99947823    0.0034934033
      0.99947039    0.0033346567
      0.99946249    0.0031843767
      0.99945453    0.0030420773
      0.99944651    0.0029072524
      0.99943843    0.0027794764
      0.99943029    0.0026582032
      0.99942210    0.0025430208
      0.99941384    0.0024335988
      0.99940553    0.0023296263
      0.99939716    0.0022307918
      0.99938874    0.0021367875
      0.99938025    0.0020473708
      0.99937171    0.0019623181
      0.99936312    0.0018814260
      0.99935446    0.0018045161
      0.99934576    0.0017314459
      0.99933699    0.0016620093
      0.99932817    0.0015956104
      0.99931930    0.0015321461
      0.99931037    0.0014715613
      0.99930139    0.0014137789
      0.99929235    0.0013587131
      0.99928326    0.0013062759
      0.99927412    0.0012562387
      0.99926492    0.0012083928
      0.99925568    0.0011625854
      0.99924638    0.0011187282
      0.99923702    0.0010767369
      0.99922762    0.0010365299
      0.99921816   0.00099802805
      0.99920866   0.00096115580
      0.99919910   0.00092584064
      0.99918949   0.00089201340
      0.99917982   0.00085960809
      0.99917011   0.00082856185
      0.99916034   0.00079881488
      0.99915053   0.00077030974
      0.99914066   0.00074297553
      0.99913074   0.00071675652
      0.99912077   0.00069160859
      0.99911075   0.00066748932
      0.99910068   0.00064435803
      0.99909056   0.00062217398
      0.99908039   0.00060087119
      0.99907018   0.00058040446
      0.99905991   0.00056074123
      0.99904959   0.00054185078
      0.99903923   0.00052370429
      0.99902881   0.00050627489
      0.99901834   0.00048953774
      0.99900783   0.00047346996
      0.99899726   0.00045804190
      0.99898665   0.00044323290
      0.99897599   0.00042896569
      0.99896527   0.00041518146
      0.99895451   0.00040187284
      0.99894370   0.00038903004
      0.99893284   0.00037664175
      0.99892193   0.00036469562
      0.99891097   0.00035317868
      0.99889996   0.00034207657
      0.99888890   0.00033136338
      0.99887780   0.00032102254
      0.99886665   0.00031104157
      0.99885544   0.00030140799
      0.99884419   0.00029210478
      0.99883290   0.00028311925
      0.99882155   0.00027444113
      0.99881015   0.00026606040
      0.99879870   0.00025796734
      0.99878721   0.00025015253
      0.99877566   0.00024260683
      0.99876407   0.00023532142
      0.99875243   0.00022828782
      0.99874073   0.00022149784
      0.99872899   0.00021494367
      0.99871720   0.00020861786
      0.99870536   0.00020251339
      0.99869348   0.00019661718
      0.99868154   0.00019089850
      0.99866956   0.00018535216
      0.99865753   0.00017997544
      0.99864544   0.00017476529
      0.99863331   0.00016971845
      0.99862113   0.00016483156
      0.99860890   0.00016010126
      0.99859662   0.00015552429
      0.99858429   0.00015109758
      0.99857192   0.00014681833
      0.99855949   0.00014268416
      0.99854701   0.00013869326
      0.99853448   0.00013484462
      0.99852190   0.00013112616
      0.99850927   0.00012751173
      0.99849660   0.00012399999
      0.99848387   0.00012058965
      0.99847110   0.00011727717
      0.99845827   0.00011405998
      0.99844540   0.00011093603
      0.99843247   0.00010790311
      0.99841950   0.00010495892
      0.99840647   0.00010210114
      0.99839340   9.9327423e-05
      0.99838027   9.6635408e-05
      0.99836709   9.4022737e-05
      0.99835387   9.1486361e-05
      0.99834059   8.9023707e-05
      0.99832726   8.6632606e-05
      0.99831387   8.4310933e-05
      0.99830044   8.2056610e-05
      0.99828696   7.9867596e-05
      0.99827342   7.7741891e-05
      0.99825984   7.5677517e-05
      0.99824620   7.3672351e-05
      0.99823251   7.1724363e-05
      0.99821878   6.9831941e-05
      0.99820499   6.7993509e-05
      0.99819114   6.6207390e-05
      0.99817725   6.4471614e-05
      0.99816331   6.2784645e-05
      0.99814931   6.1145020e-05
      0.99813526   5.9551323e-05
      0.99812116   5.8002177e-05
      0.99810700   5.6496246e-05
      0.99809279   5.5032234e-05
      0.99807853   5.3608879e-05
      0.99806421   5.2224948e-05
      0.99804984   5.0879230e-05
      0.99803542   4.9570628e-05
      0.99802095   4.8298224e-05
      0.99800642   4.7060302e-05
      0.99799184   4.5856084e-05
      0.99797721   4.4684706e-05
      0.99796252   4.3545283e-05
      0.99794778   4.2436951e-05
      0.99793299   4.1358869e-05
      0.99791814   4.0310220e-05
      0.99790324   3.9290203e-05
      0.99788828   3.8298041e-05
      0.99787327   3.7332970e-05
      0.99785820   3.6394245e-05
      0.99784308   3.5481103e-05
      0.99782790   3.4592743e-05
      0.99781267   3.3728407e-05
      0.99779738   3.2887347e-05
      0.99778204   3.2068819e-05
      0.99776664   3.1272086e-05
      0.99775118   3.0496418e-05
      0.99773567   2.9741458e-05
      0.99772011   2.9006904e-05
      0.99770449   2.8292244e-05
      0.99768881   2.7596987e-05
      0.99767308   2.6920680e-05
      0.99765729   2.6262910e-05
      0.99764144   2.5623228e-05
      0.99762554   2.5001207e-05
      0.99760958   2.4396455e-05
      0.99759356   2.3808619e-05
      0.99757748   2.3237401e-05
      0.99756134   2.2682582e-05
      0.99754515   2.2144064e-05
      0.99752890   2.1621943e-05
      0.99751259   2.1115360e-05
      0.99749622   2.0618074e-05
      0.99747979   2.0130223e-05
      0.99746331   1.9652674e-05
      0.99744677   1.9186390e-05
      0.99743017   1.8731778e-05
      0.99741351   1.8289038e-05
      0.99739679   1.7858274e-05
      0.99738001   1.7439530e-05
      0.99736317   1.7032824e-05
      0.99734627   1.6638167e-05
      0.99732931   1.6255086e-05
      0.99731229   1.5880942e-05
      0.99729521   1.5515444e-05
      0.99727807   1.5158578e-05
      0.99726087   1.4810239e-05
      0.99724361   1.4470265e-05
      0.99722628   1.4138461e-05
      0.99720889   1.3814615e-05
      0.99719144   1.3498500e-05
      0.99717393   1.3189881e-05
      0.99715636   1.2888741e-05
      0.99713873   1.2595310e-05
      0.99712103   1.2309440e-05
      0.99710328   1.2030977e-05
      0.99708546   1.1759783e-05
      0.99706757   1.1495736e-05
      0.99704963   1.1238743e-05
      0.99703162   1.0988744e-05
      0.99701355   1.0745727e-05
      0.99699541   1.0509756e-05
      0.99697721   1.0280971e-05
      0.99695894   1.0058519e-05
      0.99694061   9.8418090e-06
      0.99692221   9.6305010e-06
      0.99690375   9.4242998e-06
      0.99688522   9.2229407e-06
      0.99686663   9.0261804e-06
      0.99684797   8.8337908e-06
      0.99682925   8.6457516e-06
      0.99681046   8.4621872e-06
      0.99679161   8.2830395e-06
      0.99677269   8.1081437e-06
      0.99675371   7.9373424e-06
      0.99673466   7.7704850e-06
      0.99671554   7.6074271e-06
      0.99669635   7.4480292e-06
      0.99667710   7.2921557e-06
      0.99665778   7.1396784e-06
      0.99663839   6.9908085e-06
      0.99661893   6.8456125e-06
      0.99659940   6.7039389e-06
      0.99657981   6.5656404e-06
      0.99656014   6.4305730e-06
      0.99654041   6.2985953e-06
      0.99652060   6.1695675e-06
      0.99650073   6.0433511e-06
      0.99648079   5.9199185e-06
      0.99646078   5.7993541e-06
      0.99644070   5.6815630e-06
      0.99642055   5.5664469e-06
      0.99640033   5.4539076e-06
      0.99638004   5.3438471e-06
      0.99635968   5.2361666e-06
      0.99633925   5.1307654e-06
      0.99631874   5.0275407e-06
      0.99629816   4.9263862e-06
      0.99627751   4.8271904e-06
      0.99625679   4.7298352e-06
      0.99623600   4.6342321e-06
      0.99621513   4.5403916e-06
      0.99619419   4.4483328e-06
      0.99617318   4.3581102e-06
      0.99615209   4.2697203e-06
      0.99613093   4.1831392e-06
      0.99610970   4.0983462e-06
      0.99608839   4.0154756e-06
      0.99606701   3.9345381e-06
      0.99604556   3.8554945e-06
      0.99602403   3.7783018e-06
      0.99600243   3.7029137e-06
      0.99598076   3.6292821e-06
      0.99595900   3.5573572e-06
      0.99593717   3.4870883e-06
      0.99591527   3.4184240e-06
      0.99589329   3.3513124e-06
      0.99587123   3.2857018e-06
      0.99584909   3.2215401e-06
      0.99582688   3.1588575e-06
      0.99580459   3.0976889e-06
      0.99578222   3.0379753e-06
      0.99575978   2.9796580e-06
      0.99573726   2.9226786e-06
      0.99571466   2.8669790e-06
      0.99569198   2.8125251e-06
      0.99566923   2.7593852e-06
      0.99564639   2.7075328e-06
      0.99562348   2.6569252e-06
      0.99560049   2.6075203e-06
      0.99557742   2.5592768e-06
      0.99555427   2.5121537e-06
      0.99553104   2.4661107e-06
      0.99550773   2.4211083e-06
      0.99548434   2.3771074e-06
      0.99546087   2.3340697e-06
      0.99543731   2.2920196e-06
      0.99541368   2.2509872e-06
      0.99538996   2.2109342e-06
      0.99536616   2.1718227e-06
      0.99534228   2.1336152e-06
      0.99531831   2.0962744e-06
      0.99529427   2.0597634e-06
      0.99527014   2.0240461e-06
      0.99524592   1.9890888e-06
      0.99522163   1.9549250e-06
      0.99519725   1.9215569e-06
      0.99517279   1.8889564e-06
      0.99514824   1.8570963e-06
      0.99512361   1.8259501e-06
      0.99509890   1.7954934e-06
      0.99507409   1.7657150e-06
      0.99504921   1.7366353e-06
      0.99502423   1.7081511e-06
      0.99499917   1.6803180e-06
      0.99497402   1.6531756e-06
      0.99494879   1.6266761e-06
      0.99492347   1.6007865e-06
      0.99489806   1.5754787e-06
      0.99487256   1.5507267e-06
      0.99484698   1.5265054e-06
      0.99482130   1.5027906e-06
      0.99479554   1.4795588e-06
      0.99476968   1.4567866e-06
      0.99474374   1.4344540e-06
      0.99471771   1.4125840e-06
      0.99469159   1.3912055e-06
      0.99466537   1.3703280e-06
      0.99463907   1.3499363e-06
      0.99461268   1.3300150e-06
      0.99458619   1.3105486e-06
      0.99455961   1.2915214e-06
      0.99453294   1.2729176e-06
      0.99450618   1.2547216e-06
      0.99447932   1.2369177e-06
      0.99445237   1.2194903e-06
      0.99442532   1.2024241e-06
      0.99439818   1.1857037e-06
      0.99437095   1.1693140e-06
      0.99434361   1.1532494e-06
      0.99431619   1.1375169e-06
      0.99428866   1.1221075e-06
      0.99426104   1.1070109e-06
      0.99423332   1.0922172e-06
      0.99420551   1.0777163e-06
      0.99417760   1.0635071e-06
      0.99414959   1.0496074e-06
      0.99412148   1.0360096e-06
      0.99409327   1.0227042e-06
      0.99406497   1.0096812e-06
      0.99403656   9.9693015e-07
      0.99400806   9.8444167e-07
      0.99397945   9.7221496e-07
      0.99395074   9.6024447e-07
      0.99392194   9.4852248e-07
      0.99389303   9.3704050e-07
      0.99386401   9.2578868e-07
      0.99383490   9.1475452e-07
      0.99380568   9.0391992e-07
      0.99377636   8.9328844e-07
      0.99374693   8.8287590e-07
      0.99371740   8.7268791e-07
      0.99368777   8.6272733e-07
      0.99365803   8.5299125e-07
      0.99362818   8.4346265e-07
      0.99359823   8.3412967e-07
      0.99356817   8.2498585e-07
      0.99353800   8.1604272e-07
      0.99350773   8.0730197e-07
      0.99347735   7.9875953e-07
      0.99344686   7.9041128e-07
      0.99341627   7.8225304e-07
      0.99338557   7.7428041e-07
      0.99335475   7.6648883e-07
      0.99332383   7.5887118e-07
      0.99329279   7.5142277e-07
      0.99326165   7.4414180e-07
      0.99323039   7.3702645e-07
      0.99319902   7.3007494e-07
      0.99316754   7.2328552e-07
      0.99313594   7.1665645e-07
      0.99310423   7.1018604e-07
      0.99307241   7.0387258e-07
      0.99304047   6.9771439e-07
      0.99300842   6.9170601e-07
      0.99297625   6.8583891e-07
      0.99294396   6.8011142e-07
      0.99291156   6.7452196e-07
      0.99287904   6.6906891e-07
      0.99284640   6.6375889e-07
      0.99281365   6.5859942e-07
      0.99278078   6.5359040e-07
      0.99274779   6.4873197e-07
      0.99271468   6.4402438e-07
      0.99268145   6.3946186e-07
      0.99264810   6.3504103e-07
      0.99261463   6.3076206e-07
      0.99258104   6.2662540e-07
      0.99254733   6.2263130e-07
      0.99251349   6.1878848e-07
      0.99247954   6.1510624e-07
      0.99244546   6.1159272e-07
      0.99241126   6.0825575e-07
      0.99237694   6.0506772e-07
      0.99234249   6.0200621e-07
      0.99230793   5.9907925e-07
      0.99227324   5.9629141e-07
      0.99223842   5.9364565e-07
      0.99220349   5.9114391e-07
      0.99216843   5.8878745e-07
      0.99213325   5.8657694e-07
      0.99209794   5.8451245e-07
      0.99206251   5.8259656e-07
      0.99202696   5.8084119e-07
      0.99199129   5.7924766e-07
      0.99195549   5.7781607e-07
      0.99191957   5.7654637e-07
      0.99188353   5.7543840e-07
      0.99184736   5.7449206e-07
      0.99181107   5.7370737e-07
      0.99177465   5.7308875e-07
      0.99173811   5.7264023e-07
      0.99170145   5.7236230e-07
      0.99166466   5.7225544e-07
      0.99162774   5.7232030e-07
      0.99159070   5.7255775e-07
      0.99155353   5.7296914e-07
      0.99151624   5.7355667e-07
      0.99147882   5.7432997e-07
      0.99144127   5.7530063e-07
      0.99140359   5.7648433e-07
      0.99136578   5.7788621e-07
      0.99132784   5.7943071e-07
      0.99128978   5.8114195e-07
      0.99125158   5.8305626e-07
      0.99121325   5.8519331e-07
      0.99117479   5.8750791e-07
      0.99113620   5.9000912e-07
      0.99109748   5.9270604e-07
      0.99105863   5.9560251e-07
      0.99101964   5.9870134e-07
      0.99098052   6.0200495e-07
      0.99094127   6.0551574e-07
      0.99090188   6.0923616e-07
      0.99086236   6.1316833e-07
      0.99082270   6.1731416e-07
      0.99078290   6.2167541e-07
      0.99074297   6.2625368e-07
      0.99070291   6.3105034e-07
      0.99066271   6.3606666e-07
      0.99062237   6.4130524e-07
      0.99058189   6.4676904e-07
      0.99054128   6.5246065e-07
      0.99050053   6.5838217e-07
      0.99045964   6.6453516e-07
      0.99041862   6.7092050e-07
      0.99037745   6.7753901e-07
      0.99033615   6.8439172e-07
      0.99029470   6.9147766e-07
      0.99025312   6.9879257e-07
      0.99021140   7.0633881e-07
      0.99016953   7.1416002e-07
      0.99012753   7.2219013e-07
      0.99008538   7.3046491e-07
      0.99004309   7.3899883e-07
      0.99000066   7.4779310e-07
      0.98995808   7.5684821e-07
      0.98991536   7.6616490e-07
      0.98987250   7.7574411e-07
      0.98982949   7.8559086e-07
      0.98978634   7.9571036e-07
      0.98974303   8.0610726e-07
      0.98969958   8.1678613e-07
      0.98965598   8.2775136e-07
      0.98961223   8.3900666e-07
      0.98956833   8.5055349e-07
      0.98952428   8.6239653e-07
      0.98948008   8.7454119e-07
      0.98943572   8.8699288e-07
      0.98939121   8.9975703e-07
      0.98934654   9.1283743e-07
      0.98930172   9.2623523e-07
      0.98925674   9.3995457e-07
      0.98921161   9.5399934e-07
      0.98916631   9.6837302e-07
      0.98912085   9.8307844e-07
      0.98907524   9.9812295e-07
      0.98902945   1.0135256e-06
      0.98898351   1.0293073e-06
      0.98893740   1.0454904e-06
      0.98889112   1.0620986e-06
      0.98884468   1.0791533e-06
      0.98879806   1.0966770e-06
      0.98875128   1.1147043e-06
      0.98870432   1.1332642e-06
      0.98865720   1.1523866e-06
      0.98860990   1.1720990e-06
      0.98856242   1.1924249e-06
      0.98851477   1.2134011e-06
      0.98846694   1.2350673e-06
      0.98841893   1.2574653e-06
      0.98837074   1.2806348e-06
      0.98832237   1.3046059e-06
      0.98827381   1.3294186e-06
      0.98822507   1.3551141e-06
      0.98817615   1.3817245e-06
      0.98812703   1.4095309e-06
      0.98807773   1.4380089e-06
      0.98802823   1.4673031e-06
      0.98797854   1.4977494e-06
      0.98792865   1.5292305e-06
      0.98787857   1.5616921e-06
      0.98782829   1.5950907e-06
      0.98777781   1.6293937e-06
      0.98772713   1.6645682e-06
      0.98767624   1.7005778e-06
      0.98762515   1.7373736e-06
      0.98757386   1.7749071e-06
      0.98752235   1.8131256e-06
      0.98747063   1.8519678e-06
      0.98741870   1.8913518e-06
      0.98736655   1.9311796e-06
      0.98731418   1.9713528e-06
      0.98726160   2.0117246e-06
      0.98720880   2.0519818e-06
      0.98715577   2.0917988e-06
      0.98710251   2.1314892e-06
      0.98704903   2.1713976e-06
      0.98699533   2.2118559e-06
      0.98694139   2.2532202e-06
      0.98688721   2.2957281e-06
      0.98683280   2.3383056e-06
      0.98677816   2.3808122e-06
      0.98672327   2.4233292e-06
      0.98666815   2.4658954e-06
      0.98661277   2.5085578e-06
      0.98655716   2.5513551e-06
      0.98650129   2.5943222e-06
      0.98644517   2.6374923e-06
      0.98638880   2.6808987e-06
      0.98633217   2.7245754e-06
      0.98627529   2.7685414e-06
      0.98621814   2.8127931e-06
      0.98616073   2.8573622e-06
      0.98610305   2.9022837e-06
      0.98604511   2.9475948e-06
      0.98598690   2.9933353e-06
      0.98592841   3.0395475e-06
      0.98586965   3.0862767e-06
      0.98581061   3.1335392e-06
      0.98575128   3.1813491e-06
      0.98569168   3.2297620e-06
      0.98563178   3.2788389e-06
      0.98557160   3.3286469e-06
      0.98551113   3.3792596e-06
      0.98545036   3.4307579e-06
      0.98538930   3.4832572e-06
      0.98532793   3.5369667e-06
      0.98526627   3.5917966e-06
      0.98520430   3.6476324e-06
      0.98514203   3.7043765e-06
      0.98507944   3.7619372e-06
      0.98501654   3.8202206e-06
      0.98495333   3.8791204e-06
      0.98488980   3.9384598e-06
      0.98482594   3.9980477e-06
      0.98476177   4.0577611e-06
      0.98469727   4.1183714e-06
      0.98463244   4.1800420e-06
      0.98456728   4.2427199e-06
      0.98450178   4.3063668e-06
      0.98443595   4.3708987e-06
      0.98436977   4.4362697e-06
      0.98430326   4.5024650e-06
      0.98423639   4.5694730e-06
      0.98416918   4.6372837e-06
      0.98410162   4.7058883e-06
      0.98403371   4.7752683e-06
      0.98396544   4.8453341e-06
      0.98389681   4.9160583e-06
      0.98382782   4.9874330e-06
      0.98375846   5.0594548e-06
      0.98368874   5.1321259e-06
      0.98361865   5.2054562e-06
      0.98354819   5.2789836e-06
      0.98347736   5.3522052e-06
      0.98340615   5.4254134e-06
      0.98333456   5.4988515e-06
      0.98326260   5.5727314e-06
      0.98319025   5.6472301e-06
      0.98311752   5.7225141e-06
      0.98304440   5.7986556e-06
      0.98297089   5.8758489e-06
      0.98289699   5.9543425e-06
      0.98282270   6.0344425e-06
      0.98274801   6.1165466e-06
      0.98267293   6.2009641e-06
      0.98259744   6.2854923e-06
      0.98252156   6.3698446e-06
      0.98244527   6.4544407e-06
      0.98236858   6.5396229e-06
      0.98229148   6.6256927e-06
      0.98221397   6.7129296e-06
      0.98213604   6.8015300e-06
      0.98205771   6.8917505e-06
      0.98197896   6.9839124e-06
      0.98189979   7.0784105e-06
      0.98182021   7.1757626e-06
      0.98174020   7.2764988e-06
      0.98165977   7.3799460e-06
      0.98157891   7.4857804e-06
      0.98149762   7.5939021e-06
      0.98141591   7.7042606e-06
      0.98133376   7.8168334e-06
      0.98125118   7.9315369e-06
      0.98116817   8.0481776e-06
      0.98108472   8.1666659e-06
      0.98100084   8.2869016e-06
      0.98091652   8.4087599e-06
      0.98083176   8.5320662e-06
      0.98074657   8.6564422e-06
      0.98066093   8.7814979e-06
      0.98057485   8.9070759e-06
      0.98048833   9.0350810e-06
      0.98040136   9.1657461e-06
      0.98031396   9.2989283e-06
      0.98022611   9.4344183e-06
      0.98013781   9.5720965e-06
      0.98004908   9.7118720e-06
      0.97995990   9.8536847e-06
      0.97987027   9.9971643e-06
      0.97978020   1.0141063e-05
      0.97968969   1.0285609e-05
      0.97959873   1.0431114e-05
      0.97950732   1.0577833e-05
      0.97941546   1.0725984e-05
      0.97932315   1.0875760e-05
      0.97923040   1.1027337e-05
      0.97913719   1.1180879e-05
      0.97904354   1.1336546e-05
      0.97894943   1.1494493e-05
      0.97885487   1.1654867e-05
      0.97875985   1.1817813e-05
      0.97866439   1.1983477e-05
      0.97856846   1.2152015e-05
      0.97847208   1.2323585e-05
      0.97837525   1.2498356e-05
      0.97827795   1.2676504e-05
      0.97818020   1.2858219e-05
      0.97808198   1.3043700e-05
      0.97798330   1.3233161e-05
      0.97788417   1.3426804e-05
      0.97778456   1.3624837e-05
      0.97768450   1.3827520e-05
      0.97758397   1.4035195e-05
      0.97748298   1.4248170e-05
      0.97738152   1.4466789e-05
      0.97727959   1.4691451e-05
      0.97717720   1.4922633e-05
      0.97707434   1.5160962e-05
      0.97697101   1.5407348e-05
      0.97686721   1.5662668e-05
      0.97676295   1.5922396e-05
      0.97665821   1.6185361e-05
      0.97655301   1.6452830e-05
      0.97644733   1.6726147e-05
      0.97634119   1.7006843e-05
      0.97623457   1.7296801e-05
      0.97612748   1.7597566e-05
      0.97601991   1.7908097e-05
      0.97591188   1.8228432e-05
      0.97580336   1.8558754e-05
      0.97569438   1.8899269e-05
      0.97558492   1.9250196e-05
      0.97547498   1.9611762e-05
      0.97536457   1.9984202e-05
      0.97525368   2.0367752e-05
      0.97514231   2.0762654e-05
      0.97503046   2.1169150e-05
      0.97491813   2.1587482e-05
      0.97480531   2.2017905e-05
      0.97469201   2.2461138e-05
      0.97457822   2.2917745e-05
      0.97446393   2.3388077e-05
      0.97434916   2.3872488e-05
      0.97423390   2.4371338e-05
      0.97411815   2.4884991e-05
      0.97400190   2.5413813e-05
      0.97388516   2.5958174e-05
      0.97376792   2.6518448e-05
      0.97365018   2.7095008e-05
      0.97353194   2.7688230e-05
      0.97341318   2.8298547e-05
      0.97329393   2.8926842e-05
      0.97317416   2.9573709e-05
      0.97305388   3.0239647e-05
      0.97293309   3.0925007e-05
      0.97281178   3.1630228e-05
      0.97268995   3.2355828e-05
      0.97256760   3.3102332e-05
      0.97244473   3.3870271e-05
      0.97232133   3.4660184e-05
      0.97219741   3.5472617e-05
      0.97207295   3.6308140e-05
      0.97194795   3.7167605e-05
      0.97182242   3.8051748e-05
      0.97169635   3.8961251e-05
      0.97156974   3.9896800e-05
      0.97144259   4.0859083e-05
      0.97131488   4.1848784e-05
      0.97118663   4.2866567e-05
      0.97105782   4.3913053e-05
      0.97092846   4.4988773e-05
      0.97079854   4.6094062e-05
      0.97066806   4.7231868e-05
      0.97053701   4.8405801e-05
      0.97040540   4.9614764e-05
      0.97027322   5.0857979e-05
      0.97014047   5.2134894e-05
      0.97000714   5.3445083e-05
      0.96987324   5.4788351e-05
      0.96973876   5.6164568e-05
      0.96960371   5.7573641e-05
      0.96946807   5.9022373e-05
      0.96933184   6.0514219e-05
      0.96919503   6.2049899e-05
      0.96905763   6.3630291e-05
      0.96891964   6.5256382e-05
      0.96878106   6.6929234e-05
      0.96864187   6.8649965e-05
      0.96850209   7.0419792e-05
      0.96836170   7.2240157e-05
      0.96822071   7.4112389e-05
      0.96807911   7.6037830e-05
      0.96793690   7.8017853e-05
      0.96779407   8.0053859e-05
      0.96765064   8.2147275e-05
      0.96750658   8.4299550e-05
      0.96736191   8.6512157e-05
      0.96721661   8.8786587e-05
      0.96707069   9.1124346e-05
      0.96692413   9.3526956e-05
      0.96677695   9.5995953e-05
      0.96662913   9.8532880e-05
      0.96648067   0.00010113929
      0.96633157   0.00010381681
      0.96618182   0.00010656745
      0.96603142   0.00010939295
      0.96588037   0.00011229505
      0.96572867   0.00011527552
      0.96557631   0.00011833612
      0.96542328   0.00012147860
      0.96526959   0.00012470474
      0.96511523   0.00012801630
      0.96496021   0.00013141502
      0.96480450   0.00013490265
      0.96464812   0.00013848090
      0.96449105   0.00014215143
      0.96433329   0.00014591589
      0.96417484   0.00014977575
      0.96401570   0.00015373232
      0.96385586   0.00015778724
      0.96369531   0.00016194211
      0.96353405   0.00016619847
      0.96337208   0.00017055770
      0.96320940   0.00017502109
      0.96304599   0.00017958971
      0.96288187   0.00018426443
      0.96271701   0.00018904580
      0.96255143   0.00019393400
      0.96238511   0.00019892873
      0.96221805   0.00020402906
      0.96205025   0.00020923667
      0.96188171   0.00021456182
      0.96171241   0.00022000830
      0.96154236   0.00022557938
      0.96137155   0.00023127838
      0.96119997   0.00023710870
      0.96102763   0.00024307381
      0.96085452   0.00024917730
      0.96068064   0.00025542288
      0.96050597   0.00026181439
      0.96033053   0.00026835582
      0.96015431   0.00027505130
      0.95997730   0.00028190466
      0.95979950   0.00028891707
      0.95962091   0.00029609180
      0.95944153   0.00030343261
      0.95926135   0.00031094337
      0.95908036   0.00031862806
      0.95889857   0.00032649078
      0.95871597   0.00033453585
      0.95853257   0.00034276832
      0.95834834   0.00035119292
      0.95816331   0.00035981440
      0.95797745   0.00036863771
      0.95779076   0.00037766689
      0.95760326   0.00038690616
      0.95741492   0.00039636085
      0.95722574   0.00040603159
      0.95703574   0.00041590624
      0.95684489   0.00042598924
      0.95665320   0.00043628663
      0.95646066   0.00044680449
      0.95626727   0.00045754900
      0.95607303   0.00046852649
      0.95587793   0.00047974346
      0.95568198   0.00049120626
      0.95548516   0.00050292130
      0.95528747   0.00051489540
      0.95508892   0.00052713582
      0.95488949   0.00053965034
      0.95468918   0.00055244740
      0.95448800   0.00056553630
      0.95428593   0.00057892748
      0.95408297   0.00059263290
      0.95387912   0.00060666650
      0.95367437   0.00062103492
      0.95346871   0.00063573123
      0.95326215   0.00065075891
      0.95305468   0.00066612249
      0.95284629   0.00068182711
      0.95263699   0.00069787839
      0.95242675   0.00071428230
      0.95221559   0.00073104512
      0.95200350   0.00074817340
      0.95179047   0.00076567392
      0.95157650   0.00078355372
      0.95136158   0.00080182003
      0.95114571   0.00082048032
      0.95092889   0.00083954227
      0.95071112   0.00085901381
      0.95049238   0.00087890306
      0.95027268   0.00089921841
      0.95005201   0.00091996847
      0.94983038   0.00094116213
      0.94960776   0.00096280552
      0.94938417   0.00098489962
      0.94915960    0.0010074523
      0.94893404    0.0010304722
      0.94870750    0.0010539677
      0.94847995    0.0010779478
      0.94825141    0.0011024214
      0.94802187    0.0011273976
      0.94779133    0.0011528857
      0.94755978    0.0011788950
      0.94732721    0.0012054349
      0.94709364    0.0012325151
      0.94685904    0.0012601446
      0.94662342    0.0012883321
      0.94638678    0.0013170838
      0.94614911    0.0013464140
      0.94591041    0.0013763473
      0.94567068    0.0014068999
      0.94542991    0.0014380701
      0.94518810    0.0014698605
      0.94494525    0.0015022814
      0.94470135    0.0015353429
      0.94445640    0.0015690556
      0.94421039    0.0016034303
      0.94396333    0.0016384776
      0.94371521    0.0016742087
      0.94346603    0.0017106344
      0.94321578    0.0017477678
      0.94296446    0.0017856212
      0.94271207    0.0018242067
      0.94245860    0.0018635379
      0.94220406    0.0019036278
      0.94194843    0.0019444888
      0.94169171    0.0019861334
      0.94143390    0.0020285745
      0.94117500    0.0020718248
      0.94091500    0.0021158972
      0.94065390    0.0021608050
      0.94039170    0.0022065613
      0.94012838    0.0022531795
      0.93986396    0.0023006731
      0.93959841    0.0023490557
      0.93933175    0.0023983412
      0.93906396    0.0024485435
      0.93879504    0.0024996765
      0.93852499    0.0025517545
      0.93825381    0.0026047917
      0.93798148    0.0026588027
      0.93770800    0.0027138016
      0.93743338    0.0027697947
      0.93715760    0.0028267919
      0.93688066    0.0028848077
      0.93660256    0.0029438566
      0.93632329    0.0030039534
      0.93604286    0.0030651129
      0.93576124    0.0031273504
      0.93547845    0.0031906811
      0.93519447    0.0032551203
      0.93490931    0.0033206839
      0.93462295    0.0033873875
      0.93433540    0.0034552470
      0.93404665    0.0035242787
      0.93375669    0.0035944987
      0.93346553    0.0036659232
      0.93317315    0.0037385687
      0.93287957    0.0038124515
      0.93258476    0.0038875878
      0.93228873    0.0039639940
      0.93199148    0.0040416857
      0.93169300    0.0041206787
      0.93139329    0.0042009878
      0.93109234    0.0042826272
      0.93079015    0.0043656097
      0.93048672    0.0044499467
      0.93018205    0.0045356474
      0.92987613    0.0046227165
      0.92956896    0.0047111170
      0.92926053    0.0048008477
      0.92895084    0.0048919316
      0.92863990    0.0049843903
      0.92832769    0.0050782440
      0.92801421    0.0051735123
      0.92769946    0.0052702141
      0.92738344    0.0053683680
      0.92706614    0.0054679923
      0.92674756    0.0055691049
      0.92642769    0.0056717240
      0.92610654    0.0057758676
      0.92578410    0.0058815537
      0.92546036    0.0059888006
      0.92513533    0.0060976266
      0.92480900    0.0062080506
      0.92448137    0.0063200915
      0.92415243    0.0064337689
      0.92382218    0.0065491028
      0.92349062    0.0066661280
      0.92315775    0.0067849152
      0.92282356    0.0069054742
      0.92248805    0.0070278100
      0.92215121    0.0071519288
      0.92181305    0.0072778289
      0.92147357    0.0074055115
      0.92113275    0.0075349810
      0.92079060    0.0076662417
      0.92044711    0.0077992980
      0.92010229    0.0079341538
      0.91975613    0.0080708166
      0.91940862    0.0082092927
      0.91905977    0.0083495848
      0.91870957    0.0084916949
      0.91835801    0.0086356244
      0.91800511    0.0087813734
      0.91765084    0.0089289413
      0.91729522    0.0090783262
      0.91693823    0.0092295251
      0.91657987    0.0093825335
      0.91622015    0.0095373454
      0.91585905    0.0096939531
      0.91549658    0.0098523467
      0.91513272     0.010012514
      0.91476749     0.010174440
      0.91440086     0.010337999
      0.91403285     0.010502957
      0.91366344     0.010669464
      0.91329263     0.010837659
      0.91292043     0.011007656
      0.91254682     0.011179550
      0.91217181     0.011353427
      0.91179539     0.011529361
      0.91141755     0.011707421
      0.91103830     0.011887673
      0.91065764     0.012070178
      0.91027556     0.012254997
      0.90989205     0.012442189
      0.90950711     0.012631812
      0.90912075     0.012823926
      0.90873296     0.013018589
      0.90834373     0.013215863
      0.90795307     0.013415808
      0.90756096     0.013618490
      0.90716742     0.013823975
      0.90677243     0.014032305
      0.90637599     0.014243533
      0.90597810     0.014457736
      0.90557876     0.014675001
      0.90517796     0.014895423
      0.90477570     0.015119109
      0.90437198     0.015346188
      0.90396680     0.015576819
      0.90356015     0.015811209
      0.90315204     0.016049233
      0.90274245     0.016289077
      0.90233140     0.016530818
      0.90191886     0.016774857
      0.90150486     0.017021613
      0.90108937     0.017271558
      0.90067241     0.017525246
      0.90025396     0.017783369
      0.89983403     0.018046831
      0.89941262     0.018315026
      0.89898972     0.018587025
      0.89856533     0.018862934
      0.89813945     0.019142849
      0.89771208     0.019426853
      0.89728321     0.019715028
      0.89685285     0.020007448
      0.89642100     0.020304184
      0.89598764     0.020605308
      0.89555279     0.020910886
      0.89511644     0.021220985
      0.89467858     0.021535673
      0.89423922     0.021855014
      0.89379836     0.022179075
      0.89335598     0.022507920
      0.89291210     0.022841616
      0.89246671     0.023180227
      0.89201981     0.023523820
      0.89157140     0.023872460
      0.89112147     0.024226214
      0.89067003     0.024585149
      0.89021707     0.024949333
      0.88976259     0.025318833
      0.88930659     0.025693718
      0.88884907     0.026074057
      0.88839004     0.026459925
      0.88792947     0.026851400
      0.88746739     0.027248551
      0.88700377     0.027651331
      0.88653863     0.028059759
      0.88607196     0.028473904
      0.88560376     0.028893834
      0.88513403     0.029319605
      0.88466277     0.029751260
      0.88418997     0.030188865
      0.88371564     0.030632483
      0.88323977     0.031082180
      0.88276237     0.031538023
      0.88228343     0.032000078
      0.88180295     0.032468411
      0.88132092     0.032943089
      0.88083736     0.033424180
      0.88035226     0.033911753
      0.87986562     0.034405876
      0.87937743     0.034906621
      0.87888770     0.035414057
      0.87839642     0.035928259
      0.87790360     0.036449299
      0.87740923     0.036977254
      0.87691331     0.037512201
      0.87641585     0.038054221
      0.87591684     0.038603397
      0.87541628     0.039159815
      0.87491417     0.039723569
      0.87441051     0.040294753
      0.87390531     0.040873474
      0.87339855     0.041459845
      0.87289024     0.042053992
      0.87238037     0.042656056
      0.87186896     0.043266199
      0.87135600     0.043884490
      0.87084148     0.044510357
      0.87032541     0.045143864
      0.86980779     0.045785183
      0.86928861     0.046434470
      0.86876788     0.047091866
      0.86824561     0.047757501
      0.86772177     0.048431500
      0.86719639     0.049113980
      0.86666946     0.049805058
      0.86614097     0.050504844
      0.86561094     0.051213450
      0.86507935     0.051930985
      0.86454621     0.052657557
      0.86401152     0.053393013
      0.86347528     0.054137312
      0.86293749     0.054890588
      0.86239815     0.055652967
      0.86185726     0.056424572
      0.86131483     0.057205520
      0.86077084     0.057995929
      0.86022530     0.058795914
      0.85967822     0.059605590
      0.85912959     0.060425074
      0.85857941     0.061254480
      0.85802769     0.062093925
      0.85747442     0.062943484
      0.85691960     0.063803248
      0.85636324     0.064673339
      0.85580533     0.065553879
      0.85524588     0.066444993
      0.85468488     0.067346808
      0.85412234     0.068259454
      0.85355827     0.069183065
      0.85299265     0.070117776
      0.85242549     0.071063729
      0.85185679     0.072021070
      0.85128655     0.072989948
      0.85071478     0.073970519
      0.85014147     0.074962948
      0.84956663     0.075967406
      0.84899026     0.076984075
      0.84841235     0.078013148
      0.84783292     0.079054833
      0.84725195     0.080109354
      0.84666946     0.081176961
      0.84608544     0.082257928
      0.84549990     0.083352579
      0.84491283     0.084461255
      0.84432425     0.085582560
      0.84373414     0.086715710
      0.84314251     0.087861030
      0.84254936     0.089018807
      0.84195470     0.090189307
      0.84135852     0.091372776
      0.84076083     0.092569453
      0.84016163     0.093779565
      0.83956092     0.095003337
      0.83895870     0.096240992
      0.83835497     0.097492751
      0.83774973     0.098758838
      0.83714299      0.10003948
      0.83653475      0.10133490
      0.83592501      0.10264534
      0.83531377      0.10397103
      0.83470104      0.10531224
      0.83408680      0.10666921
      0.83347108      0.10804222
      0.83285386      0.10943156
      0.83223516      0.11083753
      0.83161497      0.11226037
      0.83099329      0.11370035
      0.83037013      0.11515786
      0.82974548      0.11663335
      0.82911936      0.11812705
      0.82849176      0.11963658
      0.82786268      0.12116181
      0.82723213      0.12270343
      0.82660011      0.12426209
      0.82596662      0.12583842
      0.82533166      0.12743303
      0.82469524      0.12904656
      0.82405736      0.13067966
      0.82341802      0.13233302
      0.82277722      0.13400740
      0.82213497      0.13570360
      0.82149127      0.13742257
      0.82084612      0.13916539
      0.82019952      0.14093332
      0.81955148      0.14272720
      0.81890200      0.14454272
      0.81825108      0.14637922
      0.81759873      0.14823716
      0.81694495      0.15011698
      0.81628973      0.15201908
      0.81563309      0.15394389
      0.81497503      0.15589181
      0.81431555      0.15786324
      0.81365464      0.15985861
      0.81299233      0.16187831
      0.81232860      0.16392278
      0.81166346      0.16599243
      0.81099691      0.16808770
      0.81032896      0.17020902
      0.80965961      0.17235683
      0.80898886      0.17453161
      0.80831672      0.17673380
      0.80764318      0.17896389
      0.80696826      0.18122235
      0.80629195      0.18350969
      0.80561425      0.18582641
      0.80493518      0.18817303
      0.80425473      0.19055009
      0.80357291      0.19295811
      0.80288972      0.19539768
      0.80220516      0.19786934
      0.80151923      0.20037369
      0.80083195      0.20291124
      0.80014331      0.20548257
      0.79945331      0.20808828
      0.79876197      0.21072896
      0.79806928      0.21340522
      0.79737525      0.21611770
      0.79667987      0.21886703
      0.79598316      0.22165386
      0.79528512      0.22447885
      0.79458575      0.22734269
      0.79388506      0.23024607
      0.79318304      0.23318968
      0.79247970      0.23617426
      0.79177505      0.23920053
      0.79106909      0.24226924
      0.79036182      0.24538117
      0.78965324      0.24853712
      0.78894337      0.25173789
      0.78823219      0.25498430
      0.78751972      0.25827717
      0.78680596      0.26161735
      0.78609091      0.26500568
      0.78537458      0.26844318
      0.78465696      0.27193125
      0.78393807      0.27546972
      0.78321790      0.27905685
      0.78249645      0.28269421
      0.78177374      0.28638275
      0.78104977      0.29012335
      0.78032454      0.29391689
      0.77959804      0.29776426
      0.77887030      0.30166634
      0.77814130      0.30562406
      0.77741106      0.30963836
      0.77667958      0.31371017
      0.77594685      0.31784047
      0.77521289      0.32203025
      0.77447770      0.32628051
      0.77374128      0.33059227
      0.77300364      0.33496658
      0.77226478      0.33940450
      0.77152470      0.34390711
      0.77078340      0.34847551
      0.77004090      0.35311083
      0.76929719      0.35781421
      0.76855228      0.36258681
      0.76780617      0.36742983
      0.76705886      0.37234447
      0.76631037      0.37733196
      0.76556068      0.38239357
      0.76480982      0.38753056
      0.76405777      0.39274424
      0.76330455      0.39803593
      0.76255015      0.40340699
      0.76179459      0.40885879
      0.76103786      0.41439272
      0.76027997      0.42001021
      0.75952092      0.42571271
      0.75876072      0.43150170
      0.75799937      0.43737868
      0.75723687      0.44334517
      0.75647323      0.44940260
      0.75570845      0.45555247
      0.75494253      0.46179639
      0.75417548      0.46813599
      0.75340731      0.47457292
      0.75263801      0.48110887
      0.75186759      0.48774556
      0.75109605      0.49448472
      0.75032341      0.50132813
      0.74954965      0.50827758
      0.74877479      0.51533489
      0.74799883      0.52250192
      0.74722177      0.52978054
      0.74644362      0.53717266
      0.74566438      0.54468018
      0.74488406      0.55230506
      0.74410265      0.56004927
      0.74332017      0.56791477
      0.74253661      0.57590357
      0.74175199      0.58401767
      0.74096630      0.59225908
      0.74017955      0.60062980
      0.73939174      0.60913183
      0.73860287      0.61776717
      0.73781296      0.62653775
      0.73702200      0.63544551
      0.73623000      0.64449229
      0.73543696      0.65367989
      0.73464289      0.66300997
      0.73384779      0.67248410
      0.73305166      0.68210363
      0.73225451      0.69186974
      0.73145634      0.70178548
      0.73065716      0.71186690
      0.72985696      0.72211646
      0.72905577      0.73253397
      0.72825356      0.74311970
      0.72745037      0.75387437
      0.72664617      0.76479899
      0.72584099      0.77589486
      0.72503482      0.78716350
      0.72422767      0.79860666
      0.72341955      0.81022621
      0.72261044      0.82202423
      0.72180037      0.83400287
      0.72098933      0.84616446
      0.72017734      0.85851143
      0.71936438      0.87104643
      0.71855047      0.88377209
      0.71773561      0.89669112
      0.71691980      0.90980631
      0.71610305      0.92312051
      0.71528536      0.93663666
      0.71446674      0.95035775
      0.71364719      0.96428684
      0.71282671      0.97842703
      0.71200525      0.99278252
      0.71118321       1.0000000
      0.71036299       1.0000000
      0.70954606       1.0000000
      0.70872752       1.0000000
      0.70790352       1.0000000
      0.70707476       1.0000000
      0.70624119       1.0000000
      0.70540274       1.0000000
      0.70455955       1.0000000
      0.70371184       1.0000000
      0.70285976       1.0000000
      0.70200343       1.0000000
      0.70114306       1.0000000
      0.70027882       1.0000000
      0.69941085       1.0000000
      0.69853924       1.0000000
      0.69766408       1.0000000
      0.69678550       1.0000000
      0.69590360       1.0000000
      0.69501851       1.0000000
      0.69413033       1.0000000
      0.69323916       1.0000000
      0.69234512       1.0000000
      0.69144829       1.0000000
      0.69054876       1.0000000
      0.68964660       1.0000000
      0.68874191       1.0000000
      0.68783477       1.0000000
      0.68692525       1.0000000
      0.68601345       1.0000000
      0.68509943       1.0000000
      0.68418326       1.0000000
      0.68326500       1.0000000
      0.68234474       1.0000000
      0.68142252       1.0000000
      0.68049843       1.0000000
      0.67957253       1.0000000
      0.67864489       1.0000000
      0.67771553       1.0000000
      0.67678450       1.0000000
      0.67585185       1.0000000
      0.67491759       1.0000000
      0.67398176       1.0000000
      0.67304439       1.0000000
      0.67210549       1.0000000
      0.67116510       1.0000000
      0.67022322       1.0000000
      0.66927989       1.0000000
      0.66833512       1.0000000
      0.66738892       1.0000000
      0.66644132       1.0000000
      0.66549233       1.0000000
      0.66454199       1.0000000
      0.66359032       1.0000000
      0.66263733       1.0000000
      0.66168307       1.0000000
      0.66072756       1.0000000
      0.65977083       1.0000000
      0.65881292       1.0000000
      0.65785385       1.0000000
      0.65689367       1.0000000
      0.65593240       1.0000000
      0.65497009       1.0000000
      0.65400675       1.0000000
      0.65304243       1.0000000
      0.65207716       1.0000000
      0.65111097       1.0000000
      0.65014389       1.0000000
      0.64917595       1.0000000
      0.64820718       1.0000000
      0.64723761       1.0000000
      0.64626726       1.0000000
      0.64529617       1.0000000
      0.64432436       1.0000000
      0.64335185       1.0000000
      0.64237869       1.0000000
      0.64140487       1.0000000
      0.64043042       1.0000000
      0.63945536       1.0000000
      0.63847971       1.0000000
      0.63750348       1.0000000
      0.63652669       1.0000000
      0.63554937       1.0000000
      0.63457152       1.0000000
      0.63359316       1.0000000
      0.63261432       1.0000000
      0.63163501       1.0000000
      0.63065524       1.0000000
      0.62967504       1.0000000
      0.62869442       1.0000000
      0.62771339       1.0000000
      0.62673198       1.0000000
      0.62575020       1.0000000
      0.62476806       1.0000000
      0.62378558       1.0000000
      0.62280278       1.0000000
      0.62181967       1.0000000
      0.62083627       1.0000000
      0.61985259       1.0000000
      0.61886864       1.0000000
      0.61788444       1.0000000
      0.61690001       1.0000000
      0.61591536       1.0000000
      0.61493051       1.0000000
      0.61394546       1.0000000
      0.61296022       1.0000000
      0.61197482       1.0000000
      0.61098925       1.0000000
      0.61000354       1.0000000
      0.60901768       1.0000000
      0.60803169       1.0000000
      0.60704558       1.0000000
      0.60605936       1.0000000
      0.60507304       1.0000000
      0.60408662       1.0000000
      0.60310012       1.0000000
      0.60211355       1.0000000
      0.60112691       1.0000000
      0.60014022       1.0000000
      0.59915348       1.0000000
      0.59816669       1.0000000
      0.59717988       1.0000000
      0.59619304       1.0000000
      0.59520618       1.0000000
      0.59421932       1.0000000
      0.59323246       1.0000000
      0.59224561       1.0000000
      0.59125878       1.0000000
      0.59027197       1.0000000
      0.58928519       1.0000000
      0.58829846       1.0000000
      0.58731177       1.0000000
      0.58632513       1.0000000
      0.58533856       1.0000000
      0.58435206       1.0000000
      0.58336564       1.0000000
      0.58237930       1.0000000
      0.58139305       1.0000000
      0.58040690       1.0000000
      0.57942086       1.0000000
      0.57843494       1.0000000
      0.57744913       1.0000000
      0.57646345       1.0000000
      0.57547791       1.0000000
      0.57449251       1.0000000
      0.57350726       1.0000000
      0.57252217       1.0000000
      0.57153724       1.0000000
      0.57055249       1.0000000
      0.56956791       1.0000000
      0.56858352       1.0000000
      0.56759933       1.0000000
      0.56661533       1.0000000
      0.56563155       1.0000000
      0.56464798       1.0000000
      0.56366463       1.0000000
      0.56268152       1.0000000
      0.56169865       1.0000000
      0.56071602       1.0000000
      0.55973365       1.0000000
      0.55875155       1.0000000
      0.55776971       1.0000000
      0.55678814       1.0000000
      0.55580686       1.0000000
      0.55482586       1.0000000
      0.55384516       1.0000000
      0.55286477       1.0000000
      0.55188468       1.0000000
      0.55090491       1.0000000
      0.54992546       1.0000000
      0.54894634       1.0000000
      0.54796756       1.0000000
      0.54698913       1.0000000
      0.54601105       1.0000000
      0.54503333       1.0000000
      0.54405597       1.0000000
      0.54307899       1.0000000
      0.54210239       1.0000000
      0.54112619       1.0000000
      0.54015037       1.0000000
      0.53917496       1.0000000
      0.53819997       1.0000000
      0.53722539       1.0000000
      0.53625123       1.0000000
      0.53527751       1.0000000
      0.53430423       1.0000000
      0.53333139       1.0000000
      0.53235900       1.0000000
      0.53138708       1.0000000
      0.53041562       1.0000000
      0.52944464       1.0000000
      0.52847414       1.0000000
      0.52750412       1.0000000
      0.52653459       1.0000000
      0.52556557       1.0000000
      0.52459705       1.0000000
      0.52362904       1.0000000
      0.52266155       1.0000000
      0.52169458       1.0000000
      0.52072814       1.0000000
      0.51976224       1.0000000
      0.51879687       1.0000000
      0.51783205       1.0000000
      0.51686778       1.0000000
      0.51590406       1.0000000
      0.51494091       1.0000000
      0.51397832       1.0000000
      0.51301629       1.0000000
      0.51205485       1.0000000
      0.51109397       1.0000000
      0.51013369       1.0000000
      0.50917398       1.0000000
      0.50821487       1.0000000
      0.50725636       1.0000000
      0.50629843       1.0000000
      0.50534111       1.0000000
      0.50438440       1.0000000
      0.50342829       1.0000000
      0.50247279       1.0000000
      0.50151790       1.0000000
      0.50056363       1.0000000
      0.49960998       1.0000000
      0.49865695       1.0000000
      0.49770454       1.0000000
      0.49675275       1.0000000
      0.49580159       1.0000000
      0.49485106       1.0000000
      0.49390115       1.0000000
      0.49295187       1.0000000
      0.49200322       1.0000000
      0.49105519       1.0000000
      0.49010780       1.0000000
      0.48916103       1.0000000
      0.48821489       1.0000000
      0.48726939       1.0000000
      0.48632451       1.0000000
      0.48538026       1.0000000
      0.48443664       1.0000000
      0.48349365       1.0000000
      0.48255128       1.0000000
      0.48160954       1.0000000
      0.48066843       1.0000000
      0.47972795       1.0000000
      0.47878809       1.0000000
      0.47784886       1.0000000
      0.47691026       1.0000000
      0.47597227       1.0000000
      0.47503491       1.0000000
      0.47409818       1.0000000
      0.47316207       1.0000000
      0.47222658       1.0000000
      0.47129171       1.0000000
      0.47035745       1.0000000
      0.46942381       1.0000000
      0.46849079       1.0000000
      0.46755838       1.0000000
      0.46662657       1.0000000
      0.46569537       1.0000000
      0.46476478       1.0000000
      0.46383479       1.0000000
      0.46290540       1.0000000
      0.46197661       1.0000000
      0.46104842       1.0000000
      0.46012081       1.0000000
      0.45919380       1.0000000
      0.45826738       1.0000000
      0.45734154       1.0000000
      0.45641628       1.0000000
      0.45549160       1.0000000
      0.45456750       1.0000000
      0.45364397       1.0000000
      0.45272102       1.0000000
      0.45179863       1.0000000
      0.45087681       1.0000000
      0.44995555       1.0000000
      0.44903485       1.0000000
      0.44811471       1.0000000
      0.44719512       1.0000000
      0.44627609       1.0000000
      0.44535760       1.0000000
      0.44443966       1.0000000
      0.44352226       1.0000000
      0.44260540       1.0000000
      0.44168907       1.0000000
      0.44077328       1.0000000
      0.43985803       1.0000000
      0.43894330       1.0000000
      0.43802909       1.0000000
      0.43711541       1.0000000
      0.43620224       1.0000000
      0.43528960       1.0000000
      0.43437746       1.0000000
      0.43346584       1.0000000
      0.43255472       1.0000000
      0.43164411       1.0000000
      0.43073400       1.0000000
      0.42982438       1.0000000
      0.42891527       1.0000000
      0.42800664       1.0000000
      0.42709851       1.0000000
      0.42619086       1.0000000
      0.42528370       1.0000000
      0.42437702       1.0000000
      0.42347081       1.0000000
      0.42256508       1.0000000
      0.42165983       1.0000000
      0.42075504       1.0000000
      0.41985073       1.0000000
      0.41894687       1.0000000
      0.41804348       1.0000000
      0.41714055       1.0000000
      0.41623808       1.0000000
      0.41533606       1.0000000
      0.41443449       1.0000000
      0.41353337       1.0000000
      0.41263269       1.0000000
      0.41173246       1.0000000
      0.41083266       1.0000000
      0.40993331       1.0000000
      0.40903439       1.0000000
      0.40813590       1.0000000
      0.40723784       1.0000000
      0.40634020       1.0000000
      0.40544299       1.0000000
      0.40454619       1.0000000
      0.40364982       1.0000000
      0.40275386       1.0000000
      0.40185832       1.0000000
      0.40096318       1.0000000
      0.40006846       1.0000000
      0.39917415       1.0000000
      0.39828024       1.0000000
      0.39738673       1.0000000
      0.39649362       1.0000000
      0.39560091       1.0000000
      0.39470860       1.0000000
      0.39381668       1.0000000
      0.39292515       1.0000000
      0.39203401       1.0000000
      0.39114326       1.0000000
      0.39025289       1.0000000
      0.38936291       1.0000000
      0.38847331       1.0000000
      0.38758410       1.0000000
      0.38669525       1.0000000
      0.38580679       1.0000000
      0.38491870       1.0000000
      0.38403098       1.0000000
      0.38314364       1.0000000
      0.38225666       1.0000000
      0.38137005       1.0000000
      0.38048381       1.0000000
      0.37959793       1.0000000
      0.37871242       1.0000000
      0.37782726       1.0000000
      0.37694246       1.0000000
      0.37605802       1.0000000
      0.37517394       1.0000000
      0.37429020       1.0000000
      0.37340682       1.0000000
      0.37252379       1.0000000
      0.37164111       1.0000000
      0.37075877       1.0000000
      0.36987678       1.0000000
      0.36899513       1.0000000
      0.36811382       1.0000000
      0.36723286       1.0000000
      0.36635223       1.0000000
      0.36547193       1.0000000
      0.36459197       1.0000000
      0.36371234       1.0000000
      0.36283305       1.0000000
      0.36195408       1.0000000
      0.36107544       1.0000000
      0.36019712       1.0000000
      0.35931913       1.0000000
      0.35844146       1.0000000
      0.35756410       1.0000000
      0.35668707       1.0000000
      0.35581034       1.0000000
      0.35493394       1.0000000
      0.35405784       1.0000000
      0.35318205       1.0000000
      0.35230657       1.0000000
      0.35143139       1.0000000
      0.35055652       1.0000000
      0.34968194       1.0000000
      0.34880767       1.0000000
      0.34793369       1.0000000
      0.34706001       1.0000000
      0.34618662       1.0000000
      0.34531353       1.0000000
      0.34444072       1.0000000
      0.34356820       1.0000000
      0.34269595       1.0000000
      0.34182399       1.0000000
      0.34095230       1.0000000
      0.34008088       1.0000000
      0.33920974       1.0000000
      0.33833886       1.0000000
      0.33746823       1.0000000
      0.33659787       1.0000000
      0.33572776       1.0000000
      0.33485789       1.0000000
      0.33398827       1.0000000
      0.33311889       1.0000000
      0.33224973       1.0000000
      0.33138080       1.0000000
      0.33051209       1.0000000
      0.32964359       1.0000000
      0.32877530       1.0000000
      0.32790720       1.0000000
      0.32703929       1.0000000
      0.32617156       1.0000000
      0.32530400       1.0000000
      0.32443660       1.0000000
      0.32356934       1.0000000
      0.32270222       1.0000000
      0.32183523       1.0000000
      0.32096834       1.0000000
      0.32010155       1.0000000
      0.31923483       1.0000000
      0.31836818       1.0000000
      0.31750157       1.0000000
      0.31663499       1.0000000
      0.31576841       1.0000000
      0.31490181       1.0000000
      0.31403516       1.0000000
      0.31316845       1.0000000
      0.31230164       1.0000000
      0.31143471       1.0000000
      0.31056762       1.0000000
      0.30970034       1.0000000
      0.30883284       1.0000000
      0.30796508       1.0000000
      0.30709701       1.0000000
      0.30622860       1.0000000
      0.30535981       1.0000000
      0.30449058       1.0000000
      0.30362087       1.0000000
      0.30275063       1.0000000
      0.30187981       1.0000000
      0.30100835       1.0000000
      0.30013620       1.0000000
      0.29926329       1.0000000
      0.29838959       1.0000000
      0.29751501       1.0000000
      0.29663952       1.0000000
      0.29576305       1.0000000
      0.29488555       1.0000000
      0.29400697       1.0000000
      0.29312727       1.0000000
      0.29224640       1.0000000
      0.29136434       1.0000000
      0.29048106       1.0000000
      0.28959655       1.0000000
      0.28871081       1.0000000
      0.28782386       1.0000000
      0.28693572       1.0000000
      0.28604644       1.0000000
      0.28515610       1.0000000
      0.28426478       1.0000000
      0.28337260       1.0000000
      0.28247967       1.0000000
      0.28158616       1.0000000
      0.28069223       1.0000000
      0.27979807       1.0000000
      0.27890389       1.0000000
      0.27800989       1.0000000
      0.27711631       1.0000000
      0.27622335       1.0000000
      0.27533125       1.0000000
      0.27444022       1.0000000
      0.27355046       1.0000000
      0.27266216       1.0000000
      0.27177548       1.0000000
      0.27089058       1.0000000
      0.27000756       1.0000000
      0.26912651       1.0000000
      0.26824751       1.0000000
      0.26737059       1.0000000
      0.26649574       1.0000000
      0.26562296       1.0000000
      0.26475220       1.0000000
      0.26388340       1.0000000
      0.26301648       1.0000000
      0.26215134       1.0000000
      0.26128788       1.0000000
      0.26042598       1.0000000
      0.25956553       1.0000000
      0.25870640       1.0000000
      0.25784847       1.0000000
      0.25699162       1.0000000
      0.25613573       1.0000000
      0.25528069       1.0000000
      0.25442639       1.0000000
      0.25357274       1.0000000
      0.25271963       1.0000000
      0.25186700       1.0000000
      0.25101476       1.0000000
      0.25016284       1.0000000
      0.24931119       1.0000000
      0.24845975       1.0000000
      0.24760849       1.0000000
      0.24675735       1.0000000
      0.24590632       1.0000000
      0.24505536       1.0000000
      0.24420444       1.0000000
      0.24335356       1.0000000
      0.24250268       1.0000000
      0.24165181       1.0000000
      0.24080093       1.0000000
      0.23995003       1.0000000
      0.23909912       1.0000000
      0.23824818       1.0000000
      0.23739722       1.0000000
      0.23654624       1.0000000
      0.23569523       1.0000000
      0.23484420       1.0000000
      0.23399314       1.0000000
      0.23314206       1.0000000
      0.23229097       1.0000000
      0.23143986       1.0000000
      0.23058873       1.0000000
      0.22973759       1.0000000
      0.22888644       1.0000000
      0.22803527       1.0000000
      0.22718410       1.0000000
      0.22633293       1.0000000
      0.22548175       1.0000000
      0.22463057       1.0000000
      0.22377939       1.0000000
      0.22292821       1.0000000
      0.22207703       1.0000000
      0.22122586       1.0000000
      0.22037469       1.0000000
      0.21952353       1.0000000
      0.21867238       1.0000000
      0.21782125       1.0000000
      0.21697012       1.0000000
      0.21611901       1.0000000
      0.21526791       1.0000000
      0.21441683       1.0000000
      0.21356576       1.0000000
      0.21271472       1.0000000
      0.21186370       1.0000000
      0.21101270       1.0000000
      0.21016173       1.0000000
      0.20931079       1.0000000
      0.20845987       1.0000000
      0.20760898       1.0000000
      0.20675813       1.0000000
      0.20590730       1.0000000
      0.20505652       1.0000000
      0.20420577       1.0000000
      0.20335506       1.0000000
      0.20250439       1.0000000
      0.20165377       1.0000000
      0.20080320       1.0000000
      0.19995268       1.0000000
      0.19910221       1.0000000
      0.19825180       1.0000000
      0.19740145       1.0000000
      0.19655116       1.0000000
      0.19570095       1.0000000
      0.19485081       1.0000000
      0.19400076       1.0000000
      0.19315079       1.0000000
      0.19230091       1.0000000
      0.19145111       1.0000000
      0.19060141       1.0000000
      0.18975181       1.0000000
      0.18890230       1.0000000
      0.18805289       1.0000000
      0.18720359       1.0000000
      0.18635438       1.0000000
      0.18550528       1.0000000
      0.18465628       1.0000000
      0.18380739       1.0000000
      0.18295861       1.0000000
      0.18210994       1.0000000
      0.18126137       1.0000000
      0.18041291       1.0000000
      0.17956456       1.0000000
      0.17871633       1.0000000
      0.17786822       1.0000000
      0.17702025       1.0000000
      0.17617241       1.0000000
      0.17532471       1.0000000
      0.17447717       1.0000000
      0.17362979       1.0000000
      0.17278258       1.0000000
      0.17193555       1.0000000
      0.17108871       1.0000000
      0.17024206       1.0000000
      0.16939562       1.0000000
      0.16854939       1.0000000
      0.16770339       1.0000000
      0.16685763       1.0000000
      0.16601211       1.0000000
      0.16516685       1.0000000
      0.16432187       1.0000000
      0.16347716       1.0000000
      0.16263276       1.0000000
      0.16178866       1.0000000
      0.16094488       1.0000000
      0.16010144       1.0000000
      0.15925836       1.0000000
      0.15841563       1.0000000
      0.15757329       1.0000000
      0.15673135       1.0000000
      0.15588982       1.0000000
      0.15504872       1.0000000
      0.15420806       1.0000000
      0.15336788       1.0000000
      0.15252818       1.0000000
      0.15168898       1.0000000
      0.15085030       1.0000000
      0.15001217       1.0000000
      0.14917460       1.0000000
      0.14833762       1.0000000
      0.14750125       1.0000000
      0.14666550       1.0000000
      0.14583041       1.0000000
      0.14499599       1.0000000
      0.14416228       1.0000000
      0.14332929       1.0000000
      0.14249705       1.0000000
      0.14166559       1.0000000
      0.14083493       1.0000000
      0.14000511       1.0000000
      0.13917614       1.0000000
      0.13834807       1.0000000
      0.13752091       1.0000000
      0.13669471       1.0000000
      0.13586949       1.0000000
      0.13504528       1.0000000
      0.13422211       1.0000000
      0.13340002       1.0000000
      0.13257905       1.0000000
      0.13175922       1.0000000
      0.13094058       1.0000000
      0.13012316       1.0000000
      0.12930699       1.0000000
      0.12849211       1.0000000
      0.12767857       1.0000000
      0.12686639       1.0000000
      0.12605563       1.0000000
      0.12524631       1.0000000
      0.12443848       1.0000000
      0.12363219       1.0000000
      0.12282747       1.0000000
      0.12202437       1.0000000
      0.12122292       1.0000000
      0.12042318       1.0000000
      0.11962518       1.0000000
      0.11882897       1.0000000
      0.11803461       1.0000000
      0.11724212       1.0000000
      0.11645156       1.0000000
      0.11566298       1.0000000
      0.11487641       1.0000000
      0.11409192       1.0000000
      0.11330954       1.0000000
      0.11252933       1.0000000
      0.11175133       1.0000000
      0.11097559       1.0000000
      0.11020215       1.0000000
      0.10943108       1.0000000
      0.10866241       1.0000000
      0.10789620       1.0000000
      0.10713249       1.0000000
      0.10637133       1.0000000
      0.10561277       1.0000000
      0.10485687       1.0000000
      0.10410366       1.0000000
      0.10335320       1.0000000
      0.10260553       1.0000000
      0.10186070       1.0000000
      0.10111877       1.0000000
      0.10037977       1.0000000
     0.099643759       1.0000000
     0.098910776       1.0000000
     0.098180869       1.0000000
     0.097454082       1.0000000
     0.096730461       1.0000000
     0.096010050       1.0000000
     0.095292891       1.0000000
     0.094579028       1.0000000
     0.093868502       1.0000000
     0.093161355       1.0000000
     0.092457625       1.0000000
     0.091757354       1.0000000
     0.091060578       1.0000000
     0.090367336       1.0000000
     0.089677663       1.0000000
     0.088991596       1.0000000
     0.088309169       1.0000000
     0.087630414       1.0000000
     0.086955365       1.0000000
     0.086284052       1.0000000
     0.085616504       1.0000000
     0.084952751       1.0000000
     0.084292820       1.0000000
     0.083636738       1.0000000
     0.082984529       1.0000000
     0.082336217       1.0000000
     0.081691824       1.0000000
     0.081051372       1.0000000
     0.080414881       1.0000000
     0.079782370       1.0000000
     0.079153855       1.0000000
     0.078529353       1.0000000
     0.077908879       1.0000000
     0.077292446       1.0000000
     0.076680067       1.0000000
     0.076071752       1.0000000
     0.075467511       1.0000000
     0.074867354       1.0000000
     0.074271287       1.0000000
     0.073679316       1.0000000
     0.073091447       1.0000000
     0.072507683       1.0000000
     0.071928027       1.0000000
     0.071352480       1.0000000
     0.070781044       1.0000000
     0.070213717       1.0000000
     0.069650497       1.0000000
     0.069091381       1.0000000
     0.068536367       1.0000000
     0.067985448       1.0000000
     0.067438618       1.0000000
     0.066895871       1.0000000
     0.066357199       1.0000000
     0.065822592       1.0000000
     0.065292042       1.0000000
     0.064765537       1.0000000
     0.064243066       1.0000000
     0.063724617       1.0000000
     0.063210176       1.0000000
     0.062699730       1.0000000
     0.062193265       1.0000000
     0.061690764       1.0000000
     0.061192213       1.0000000
     0.060697594       1.0000000
     0.060206891       1.0000000
     0.059720084       1.0000000
     0.059237157       1.0000000
     0.058758090       1.0000000
     0.058282864       1.0000000
     0.057811459       1.0000000
     0.057343854       1.0000000
     0.056880029       1.0000000
     0.056419962       1.0000000
     0.055963632       1.0000000
     0.055511016       1.0000000
     0.055062093       1.0000000
     0.054616839       1.0000000
     0.054175232       1.0000000
     0.053737248       1.0000000
     0.053302865       1.0000000
     0.052872057       1.0000000
     0.052444802       1.0000000
     0.052021076       1.0000000
     0.051600853       1.0000000
     0.051184110       1.0000000
     0.050770826       1.0000000
     0.050360973       1.0000000
     0.049954525       1.0000000
     0.049551456       1.0000000
     0.049151743       1.0000000
     0.048755359       1.0000000
     0.048362281       1.0000000
     0.047972483       1.0000000
     0.047585940       1.0000000
     0.047202625       1.0000000
     0.046822515       1.0000000
     0.046445584       1.0000000
     0.046071807       1.0000000
     0.045701157       1.0000000
     0.045333611       1.0000000
     0.044969144       1.0000000
     0.044607729       1.0000000
     0.044249342       1.0000000
     0.043893959       1.0000000
     0.043541553       1.0000000
     0.043192101       1.0000000
     0.042845578       1.0000000
     0.042501959       1.0000000
     0.042161220       1.0000000
     0.041823336       1.0000000
     0.041488283       1.0000000
     0.041156037       1.0000000
     0.040826574       1.0000000
     0.040499870       1.0000000
     0.040175901       1.0000000
     0.039854644       1.0000000
     0.039536076       1.0000000
     0.039220173       1.0000000
     0.038906911       1.0000000
     0.038596268       1.0000000
     0.038288222       1.0000000
     0.037982748       1.0000000
     0.037679826       1.0000000
     0.037379432       1.0000000
     0.037081544       1.0000000
     0.036786140       1.0000000
     0.036493199       1.0000000
     0.036202698       1.0000000
     0.035914616       1.0000000
     0.035628932       1.0000000
     0.035345624       1.0000000
     0.035064672       1.0000000
     0.034786055       1.0000000
     0.034509751       1.0000000
     0.034235741       1.0000000
     0.033964004       1.0000000
     0.033694519       1.0000000
     0.033427268       1.0000000
     0.033162230       1.0000000
     0.032899385       1.0000000
     0.032638714       1.0000000
     0.032380198       1.0000000
     0.032123818       1.0000000
     0.031869554       1.0000000
     0.031617388       1.0000000
     0.031367301       1.0000000
     0.031119275       1.0000000
     0.030873292       1.0000000
     0.030629333       1.0000000
     0.030387380       1.0000000
     0.030147416       1.0000000
     0.029909423       1.0000000
     0.029673384       1.0000000
     0.029439281       1.0000000
     0.029207098       1.0000000
     0.028976817       1.0000000
     0.028748421       1.0000000
     0.028521894       1.0000000
     0.028297220       1.0000000
     0.028074381       1.0000000
     0.027853363       1.0000000
     0.027634149       1.0000000
     0.027416722       1.0000000
     0.027201068       1.0000000
     0.026987171       1.0000000
     0.026775015       1.0000000
     0.026564585       1.0000000
     0.026355867       1.0000000
     0.026148844       1.0000000
     0.025943503       1.0000000
     0.025739828       1.0000000
     0.025537806       1.0000000
     0.025337421       1.0000000
     0.025138659       1.0000000
     0.024941507       1.0000000
     0.024745950       1.0000000
     0.024551975       1.0000000
     0.024359567       1.0000000
     0.024168714       1.0000000
     0.023979401       1.0000000
     0.023791616       1.0000000
     0.023605345       1.0000000
     0.023420575       1.0000000
     0.023237294       1.0000000
     0.023055488       1.0000000
     0.022875145       1.0000000
     0.022696252       1.0000000
     0.022518796       1.0000000
     0.022342766       1.0000000
     0.022168150       1.0000000
     0.021994934       1.0000000
     0.021823108       1.0000000
     0.021652659       1.0000000
     0.021483575       1.0000000
     0.021315846       1.0000000
     0.021149459       1.0000000
     0.020984403       1.0000000
     0.020820666       1.0000000
     0.020658239       1.0000000
     0.020497108       1.0000000
     0.020337264       1.0000000
     0.020178696       1.0000000
     0.020021392       1.0000000
     0.019865343       1.0000000
     0.019710537       1.0000000
     0.019556964       1.0000000
     0.019404614       1.0000000
     0.019253476       1.0000000
     0.019103541       1.0000000
     0.018954797       1.0000000
     0.018807236       1.0000000
     0.018660847       1.0000000
     0.018515621       1.0000000
     0.018371547       1.0000000
     0.018228617       1.0000000
     0.018086820       1.0000000
     0.017946147       1.0000000
     0.017806589       1.0000000
     0.017668137       1.0000000
     0.017530780       1.0000000
     0.017394512       1.0000000
     0.017259321       1.0000000
     0.017125199       1.0000000
     0.016992139       1.0000000
     0.016860129       1.0000000
     0.016729163       1.0000000
     0.016599231       1.0000000
     0.016470325       1.0000000
     0.016342436       1.0000000
     0.016215556       1.0000000
     0.016089677       1.0000000
     0.015964790       1.0000000
     0.015840888       1.0000000
     0.015717962       1.0000000
     0.015596004       1.0000000
